CUR stn0
X 0
YZ * (1500 10608) (3000 10721) (3911 10800) (6000 10996) (6036 11000) (9000 11336) (12000 11944) (12188 12000) (14327 13000) ,
(15000 13564) (15368 14000) 

CUR stn5750
X 5750
YZ * (1500 9778) (3000 9997) (3021 10000) (6000 10381) (9000 10741) (9431 10800) (10682 11000) (12000 11300) (13875 12000) ,
(15000 12798) (15193 13000) (15805 14000) 

CUR stn11500
X 11500
YZ * (814 1000) (1156 1500) (1314 2000) (1329 3000) (1066 4000) (709 5000) (431 6000) (388 7000) (676 8000) ,
(1500 8731) (2278 9000) (3000 9160) (6000 9599) (8942 10000) (9000 10009) (12000 10581) (12809 10800) (13383 11000) (14984 12000) (15000 12015) (15741 13000) (16008 14000) 

CUR stn17250
X 17250
YZ * (1138 500) (1500 891) (1576 1000) (1825 1500) (1955 2000) (2006 3000) (1889 4000) (1765 5000) (1774 6000) ,
(2020 7000) (3000 7893) (3229 8000) (6000 8705) (7465 9000) (9000 9302) (12000 9930) (12296 10000) (14390 10800) (14685 11000) (15000 11259) (15600 12000) (15994 13000) (16063 14000) 

CUR stn23000
X 23000
YZ * (1500 358) (1715 500) (2235 1000) (2546 1500) (2722 2000) (2874 3000) (2970 4000) (3000 4259) (3107 5000) ,
(3482 6000) (4361 7000) (6000 7786) (6659 8000) (9000 8598) (10839 9000) (12000 9273) (14208 10000) (15000 10521) (15272 10800) (15432 11000) (15932 12000) (16065 13000) (16066 14000) 

CUR stn34500
X 34500
YZ * (1500 3) (3000 430) (3123 500) (3779 1000) (4247 1500) (4629 2000) (5270 3000) (5932 4000) (6000 4093) ,
(6791 5000) (8027 6000) (9000 6575) (9887 7000) (12000 7813) (12594 8000) (14766 9000) (15000 9166) (15730 10000) (15991 10800) (16021 11000) (16065 12000) (16066 13000) (16066 14000) 

CUR stn46000
X 46000
YZ * (1500 0) (3000 8) (4906 500) (5816 1000) (6000 1121) (6525 1500) (7139 2000) (8266 3000) (9000 3652) ,
(9416 4000) (10815 5000) (12000 5740) (12432 6000) (14066 7000) (15000 7744) (15246 8000) (15884 9000) (16056 10000) (16066 10800) (16066 11000) (16066 12000) (16066 13000) (16066 14000) 

CUR stn57500
X 57500
YZ * (1500 0) (3000 0) (6000 230) (6933 500) (8185 1000) (9000 1408) (9168 1500) (10011 2000) (11463 3000) ,
(12000 3409) (12738 4000) (13902 5000) (14864 6000) (15000 6167) (15564 7000) (15974 8000) (16066 9000) (16066 10000) (16066 10800) (16066 10800) (16066 11000) (16066 12000) (16066 13000) (16066 14000) 

CUR stn69000
X 69000
YZ * (1500 0) (3000 0) (6000 0) (9000 336) (9548 500) (10864 1000) (11866 1500) (12000 1577) (12614 2000) ,
(13923 3000) (14816 4000) (15000 4256) (15438 5000) (15836 6000) (16060 7000) (16066 8000) (16066 9000) (16066 10000) (16066 10800) (16066 11000) (16066 12000) (16066 13000) (16066 14000) 

CUR stn80500
X 80500
YZ * (1500 0) (3000 0) (6000 0) (9000 0) (12000 454) (12129 500) (13184 1000) (13909 1500) (14458 2000) ,
(15000 2667) (15213 3000) (15693 4000) (15981 5000) (16062 6000) (16066 7000) (16066 8000) (16066 9000) (16066 10000) (16066 10800) (16066 11000) (16066 12000) (16066 13000) (16066 14000) 

CUR stn92000
X 92000
YZ * (1500 0) (3000 0) (6000 0) (9000 0) (12000 20) (13711 500) (14518 1000) (15000 1443) (15051 1500) ,
(15432 2000) (15855 3000) (16037 4000) (16065 5000) (16066 6000) (16066 7000) (16066 8000) (16066 9000) (16066 10000) (16066 10800) (16066 11000) (16066 12000) (16066 13000) (16066 14000) 

CUR stn115000
X 115000
YZ * (1500 0) (3000 0) (6000 0) (9000 0) (12000 0) (14353 500) (15000 989) (15012 1000) (15432 1500) ,
(15717 2000) (16022 3000) (16067 4000) (16069 5000) (16060 6000) (16057 7000) (16063 8000) (16067 9000) (16066 10000) (16066 10800) (16066 11000) (16066 12000) (16066 13000) (16066 14000) 

CUR stn138000
X 138000
YZ * (1500 0) (3000 0) (6000 0) (9000 0) (12000 434) (12168 500) (13125 1000) (13788 1500) (14295 2000) ,
(15000 2970) (15016 3000) (15486 4000) (15791 5000) (15973 6000) (16053 7000) (16066 8000) (16066 9000) (16066 10000) (16066 10800) (16066 11000) (16066 12000) (16066 13000) (16066 14000) 

CUR stn161000
X 161000
YZ * (1500 0) (3000 0) (6000 68) (8197 500) (9000 792) (9440 1000) (10281 1500) (10943 2000) (11999 3000) ,
(12000 3001) (12829 4000) (13503 5000) (14063 6000) (14531 7000) (14921 8000) (15000 8230) (15243 9000) (15507 10000) (15678 10800) (15715 11000) (15874 12000) (15985 13000) (16050 14000) 

CUR stn184000
X 184000
YZ * (1500 9) (3000 229) (3943 500) (5113 1000) (5929 1500) (6000 1551) (6553 2000) (7502 3000) (8244 4000) ,
(8874 5000) (9000 5214) (9447 6000) (10000 7000) (10562 8000) (11135 9000) (11712 10000) (12000 10497) (12175 10800) (12290 11000) (12861 12000) (13424 13000) (13961 14000) 

CUR stn195500
X 195500
YZ * (1500 206) (2287 500) (3000 874) (3198 1000) (3851 1500) (4353 2000) (5104 3000) (5666 4000) (6000 4731) ,
(6113 5000) (6512 6000) (6911 7000) (7350 8000) (7841 9000) (8388 10000) (8866 10800) (8992 11000) (9000 11013) (9661 12000) (10401 13000) (11221 14000) (12000 14906) 

CUR stn207000
X 207000
YZ * (999 500) (1500 911) (1597 1000) (2081 1500) (2481 2000) (3000 2829) (3089 3000) (3499 4000) (3764 5000) ,
(3936 6000) (4057 7000) (4170 8000) (4336 9000) (4659 10000) (5045 10800) (5157 11000) (5802 12000) (6000 12275) (6564 13000) (7436 14000) 

CUR stn212750
X 212750
YZ * (614 500) (1056 1000) (1461 1500) (1500 1550) (1827 2000) (2398 3000) (2781 4000) (3000 4881) (3022 5000) ,
(3134 6000) (3065 7000) (3925 8000) (2899 9000) (3058 10000) (3318 10800) (3403 11000) (3916 12000) (4565 13000) (5378 14000) (6000 14664) 

CUR stn218500
X 218500
YZ * (464 500) (813 1000) (1137 1500) (1432 2000) (1500 2123) (1931 3000) (2318 4000) (2579 5000) (2682 6000) ,
(2512 7000) (2142 8000) (1823 9000) (1735 10000) (1821 10800) (1863 11000) (2190 12000) (2701 13000) (3000 13468) (3383 14000) 

CUR stn224250
X 224250
YZ * (388 500) (702 1000) (999 1500) (1275 2000) (1500 2431) (1766 3000) (2140 4000) (2390 5000) (2484 6000) ,
(2341 7000) (1848 8000) (1036 9000) (705 10000) (679 10800) (692 11000) (863 12000) (1188 13000) (1640 14000) 

CUR stn230000
X 230000
YZ * (557 1000) (876 1500) (1169 2000) (1500 2613) (1682 3000) (2060 4000) (2296 5000) (2380 6000) (2241 7000) ,
(1778 8000) (564 9000) (9 11000) (63 12000) (164 13000) (331 14000) 

