CUR stn-1275
X -1275
YZ * (400 2440) (500 2468) (1000 2598) (2000 2822) (2925 3000) (3000 3015) (4000 3264) (5000 3622) (5303 4000) ,
(5307 4700) 

CUR stn0
X 0
YZ * (400 2209) (500 2468) (1000 2598) (2000 2822) (3000 3015) (4000 3264) (5000 3622) (5725 4000) (5728 4700) ,


CUR stn2550
X 2550
YZ * (400 1747) (500 1782) (1000 1946) (1176 2000) (2000 2223) (3000 2455) (4000 2701) (4955 3000) (5000 3017) ,
(5749 4000) (5750 4700) 

CUR stn5100
X 5100
YZ * (400 1290) (500 1382) (1000 1508) (2000 1816) (2704 2000) (3000 2077) (4000 2345) (5000 2696) (5487 3000) ,
(5749 4000) (5750 4700) 

CUR stn7650
X 7650
YZ * (400 864) (500 900) (789 1000) (1000 1072) (2000 1385) (3000 1670) (4000 1965) (4108 2000) (5000 2362) ,
(5658 3000) (5750 4700) (5750 4000) 

CUR stn10200
X 10200
YZ * (400 496) (500 525) (1000 673) (2000 967) (2113 1000) (3000 1263) (4000 1579) (4972 2000) (5000 2017) ,
(5713 3000) (5750 4000) (5750 4700) 

CUR stn12750
X 12750
YZ * (400 211) (500 234) (1000 351) (1615 500) (2000 598) (3000 874) (3423 1000) (4000 1185) (5000 1643) ,
(5408 2000) (5735 3000) (5750 4000) (5750 4700) 

CUR stn15300
X 15300
YZ * (400 48) (500 61) (1000 129) (2000 291) (2958 500) (3000 511) (4000 796) (4539 1000) (5000 1253) ,
(5602 2000) (5743 3000) (5750 4000) (5750 4700) 

CUR stn20400
X 20400
YZ * (500 0) (1000 3) (2000 28) (3000 113) (4000 294) (4652 500) (5000 667) (5364 1000) (5708 2000) ,
(5748 3000) (5750 4000) (5750 4700) 

CUR stn25500
X 25500
YZ * (500 0) (1000 0) (2000 6) (3000 47) (4000 201) (4884 500) (5000 567) (5442 1000) (5717 2000) ,
(5749 3000) (5750 4000) (5750 4700) (5750 5000) (5750 6000) (5750 7000) (5750 8000) 

CUR stn30600
X 30600
YZ * (500 4) (1000 20) (2000 57) (3000 119) (4000 283) (4647 500) (5000 705) (5307 1000) (5671 2000) ,
(5730 3000) (5743 4000) (5749 4700) (5749 5000) (5749 6000) (5750 7000) (5750 8000) 

CUR stn35700
X 35700
YZ * (500 12) (1000 70) (2000 186) (3000 326) (3716 500) (4000 600) (4685 1000) (5000 1415) (5216 2000) ,
(5407 3000) (5519 4000) (5580 4700) (5598 5000) (5654 6000) (5702 7000) (5745 8000) 

CUR stn38250
X 38250
YZ * (500 18) (1000 105) (2000 279) (3000 489) (3039 500) (4000 890) (4166 1000) (4847 2000) (5000 2507) ,
(5116 3000) (5283 4000) (5367 4700) (5397 5000) (5490 6000) (5518 7000) (5657 8000) 

CUR stn40800
X 40800
YZ * (500 25) (1000 151) (2000 413) (2304 500) (3000 738) (3487 1000) (4000 1466) (4338 2000) (4700 3000) ,
(4929 4000) (5000 4382) (5056 4700) (5101 5000) (5232 6000) (5349 7000) (5459 8000) 

CUR stn43350
X 43350
YZ * (500 78) (1000 267) (1584 500) (2000 685) (2588 1000) (3000 1313) (3581 2000) (4000 2813) (4075 3000) ,
(4396 4000) (4582 4700) (4650 5000) (4853 6000) (5000 6864) (5022 7000) (5172 8000) 

CUR stn45900
X 45900
YZ * (500 301) (848 500) (1000 589) (1619 1000) (2000 1329) (2607 2000) (3000 2598) (3211 3000) (3642 4000) ,
(3898 4700) (3996 5000) (4000 5011) (4284 6000) (4519 7000) (4721 8000) 

CUR stn47175
X 47175
YZ * (438 500) (500 553) (1000 955) (1054 1000) (2000 1974) (2021 2000) (2667 3000) (3000 3685) (3139 4000) ,
(3432 4700) (3550 5000) (3897 6000) (4000 6342) (4178 7000) (4412 8000) 

CUR stn48450
X 48450
YZ * (12 500) (472 1000) (500 1030) (1000 1597) (1336 2000) (2000 2967) (2019 3000) (2536 4000) (2865 4700) ,
(3000 4995) (3002 5000) (3416 6000) (3760 7000) (4000 7824) (4047 8000) 

CUR stn49725
X 49725
YZ * (426 2000) (500 2096) (1000 2748) (1188 3000) (1793 4000) (2000 4381) (2167 4700) (2318 5000) (2795 6000) ,
(3000 6476) (3212 7000) (3578 8000) 

CUR stn51000
X 51000
YZ * (500 3730) (722 4000) (1255 4700) (1441 5000) (1000 5099) (1993 6000) (2000 6014) (2474 7000) (2910 8000) ,


CUR stn52275
X 52275
YZ * (500 5691) (776 6000) (1000 6285) (1470 7000) (2000 7963) (2019 8000) 

