CUR f1500
XYZ * (0 1500 10608) (5750 1500 9778) (11500 1500 8731) (17250 1500 891) (23000 1500 358) (34500 1500 3) (46000 1500 0) (57500 1500 0) (69000 1500 0) (80500 1500 0) (92000 1500 0) (115000 1500 0) (138000 1500 0) (161000 1500 0) (184000 1500 9) (195500 1500 206) (207000 1500 911) (212750 1500 1550) (218500 1500 2123) (224250 1500 2431) (230000 1500 2613) 






CUR f3000
XYZ * (0 3000 10721) (5750 3000 9997) (11500 3000 9160) (17250 3000 7893) (23000 3000 4259) (34500 3000 430) (46000 3000 8) (57500 3000 0) (69000 3000 0) (80500 3000 0) (92000 3000 0) (115000 3000 0) (138000 3000 0) (161000 3000 0) (184000 3000 229) (195500 3000 874) (207000 3000 2829) (212750 3000 4881) (218500 3000 13468) 






CUR f6000
XYZ * (0 6000 10996) (5750 6000 10381) (11500 6000 9599) (17250 6000 8705) (23000 6000 7786) (34500 6000 4093) (46000 6000 1121) (57500 6000 230) (69000 6000 0) (80500 6000 0) (92000 6000 0) (115000 6000 0) (138000 6000 0) (161000 6000 68) (184000 6000 1551) (195500 6000 4731) (207000 6000 12275) (212750 6000 14664) 






CUR f9000
XYZ * (0 9000 11336) (5750 9000 10741) (11500 9000 10009) (17250 9000 9302) (23000 9000 8598) (34500 9000 6575) (46000 9000 3652) (57500 9000 1408) (69000 9000 336) (80500 9000 0) (92000 9000 0) (115000 9000 0) (138000 9000 0) (161000 9000 792) (184000 9000 5214) (195500 9000 11013) 






CUR f12000
XYZ * (0 12000 11944) (5750 12000 11300) (11500 12000 10581) (17250 12000 9930) (23000 12000 9273) (34500 12000 7813) (46000 12000 5740) (57500 12000 3409) (69000 12000 1577) (80500 12000 454) (92000 12000 20) (115000 12000 0) (138000 12000 434) (161000 12000 3001) (184000 12000 10497) (195500 12000 14906) 






CUR f15000
XYZ * (0 15000 13564) (5750 15000 12798) (11500 15000 12015) (17250 15000 11259) (23000 15000 10521) (34500 15000 9166) (46000 15000 7744) (57500 15000 6167) (69000 15000 4256) (80500 15000 2667) (92000 15000 1443) (115000 15000 989) (138000 15000 2970) (161000 15000 8230) 






